3
6
8
8
9
13
13
14
15
17
19
19
20
20
20
22
22
23
24
28
29
29
29
30
34
34
35
35
35
35
35
38
38
39
40
41
42
42
43
45
47
47
48
49
49
50
51
52
52
53
54
56
57
58
58
62
63
64
65
65
66
69
69
69
71
71
73
73
74
74
75
76
77
78
78
80
82
84
84
85
85
85
86
86
87
90
90
90
91
92
92
92
93
94
97
97
98
99
101
101
101
101
102
102
103
104
105
106
106
108
109
110
112
113
114
114
114
116
120
120
123
125
126
127
127
129
130
132
136
137
138
138
139
139
139
140
140
142
143
143
143
145
146
146
148
149
149
149
152
152
152
152
152
154
154
155
156
157
159
159
159
161
162
166
167
168
168
173
176
177
177
177
178
178
178
181
183
184
184
185
185
186
187
187
188
189
190
192
192
194
195
196
197
198
198
199
200
202
203
205
205
206
207
207
207
208
209
210
212
212
212
214
214
214
214
214
215
215
216
216
216
217
217
217
220
220
220
223
224
224
225
227
227
229
232
233
234
235
237
238
239
240
240
240
241
242
242
242
242
242
246
246
248
248
250
251
251
252
253
253
254
254
254
255
257
259
260
261
261
262
265
266
269
270
272
273
273
273
274
274
275
275
276
276
276
278
283
283
285
286
286
288
288
289
291
291
291
291
291
292
294
295
295
296
296
297
298
299
300
301
302
303
304
305
305
305
305
306
306
307
309
310
311
311
312
313
314
317
317
318
319
320
322
323
326
326
328
328
329
330
330
330
332
332
332
334
335
335
335
336
337
337
337
338
338
338
340
341
341
344
344
347
347
347
348
352
353
353
354
355
355
359
360
364
367
368
369
369
370
370
372
372
372
373
373
373
375
376
377
377
379
381
385
385
386
386
387
387
389
390
391
391
392
393
394
394
395
395
395
395
396
397
400
401
401
401
403
403
406
408
408
409
409
409
411
412
412
414
415
415
416
417
419
419
421
421
422
424
424
425
427
428
429
432
434
434
435
437
438
440
440
440
440
442
444
444
444
447
447
448
449
450
451
452
454
455
455
455
456
457
458
460
461
463
463
466
466
467
467
469
470
470
474
474
474
475
475
476
477
478
480
481
481
481
482
484
485
486
488
488
488
489
490
493
493
495
498
498
499
500
501
501
502
502
503
503
503
503
504
504
505
506
508
508
508
509
511
511
512
513
513
514
515
516
518
518
519
519
519
520
520
522
522
522
524
524
524
525
525
527
527
527
527
528
528
529
530
530
531
531
532
535
536
536
540
543
544
548
549
549
551
552
553
553
553
554
555
555
556
556
556
557
559
559
559
562
562
565
565
567
568
569
572
574
574
575
577
577
578
579
579
579
581
581
582
583
583
584
587
591
594
597
597
598
600
601
601
602
603
603
603
604
605
605
607
607
610
611
611
611
613
614
616
616
620
621
621
622
622
622
623
624
625
626
628
628
631
633
636
636
636
637
638
638
639
639
640
641
643
643
644
645
645
646
646
646
646
648
652
652
652
652
653
654
656
656
658
658
660
660
662
662
663
664
665
665
665
665
665
666
671
673
674
674
674
675
677
678
678
680
681
681
683
683
684
690
692
694
696
697
698
698
700
701
703
704
704
705
708
709
710
710
712
713
714
715
716
716
717
718
718
718
718
720
720
722
723
724
726
727
727
728
729
729
729
731
731
731
732
735
735
737
737
739
740
740
740
741
742
746
747
749
750
750
750
751
751
755
756
756
757
757
758
758
761
762
762
764
764
765
767
768
769
769
771
772
773
773
774
774
775
776
777
782
782
782
783
785
786
786
787
789
790
791
794
795
795
797
797
798
799
799
799
799
800
800
801
803
803
804
804
805
806
808
808
810
810
812
812
816
817
817
818
818
818
819
820
820
821
821
821
822
823
824
825
826
827
830
833
834
834
836
837
839
841
841
842
842
844
849
851
851
853
855
856
860
860
860
864
864
864
865
866
867
870
873
873
874
875
876
876
876
877
879
880
880
882
883
885
887
887
888
890
890
890
891
891
892
893
893
894
895
899
899
899
900
901
902
902
902
903
904
904
905
906
907
908
908
910
910
910
911
911
916
917
919
919
920
920
921
921
924
924
927
927
929
931
932
933
936
936
936
937
939
940
940
941
944
945
946
946
948
949
951
951
951
951
953
953
953
954
957
957
957
958
961
961
962
963
963
963
964
967
969
970
971
971
971
972
973
973
973
974
974
975
976
977
977
977
979
979
980
982
982
982
983
984
986
987
987
987
988
992
993
995
996
996
997
997
997
998
1000
1000
1000
1000
1001
1004
1005
1005
1005
1008
1008
1010
1010
1011
1011
1012
1013
1016
1019
1022
1022
1023
1024
1026
1029
1031
1033
1035
1037
1039
1039
1040
1040
1040
1041
1041
1041
1042
1042
1042
1044
1045
1046
1047
1049
1051
1052
1053
1055
1056
1056
1057
1057
1058
1058
1058
1058
1062
1063
1065
1066
1067
1068
1068
1070
1071
1073
1076
1076
1078
1079
1080
1080
1081
1083
1084
1084
1085
1088
1089
1090
1090
1091
1091
1092
1092
1092
1093
1094
1096
1098
1099
1100
1100
1101
1101
1102
1106
1106
1108
1108
1109
1109
1110
1111
1112
1112
1112
1114
1116
1116
1117
1118
1119
1120
1120
1120
1121
1121
1123
1123
1124
1124
1126
1126
1126
1127
1128
1131
1132
1132
1132
1133
1134
1134
1136
1137
1138
1138
1139
1139
1139
1140
1140
1140
1141
1142
1144
1146
1148
1148
1149
1149
1150
1150
1151
1151
1151
1154
1154
1154
1155
1156
1156
1158
1159
1161
1161
1162
1162
1167
1168
1168
1168
1169
1169
1170
1171
1176
1177
1177
1178
1178
1178
1179
1181
1183
1184
1185
1186
1186
1186
1187
1188
1188
1188
1189
1192
1196
1196
1196
1197
1198
1199
1200
1201
1201
1204
1204
1204
1204
1209
1209
1209
1210
1211
1212
1213
1213
1214
1215
1216
1216
1220
1220
1221
1222
1222
1223
1224
1224
1225
1225
1225
1227
1229
1231
1234
1234
1235
1236
1237
1237
1237
1239
1239
1240
1241
1242
1242
1242
1243
1243
1244
1245
1246
1246
1246
1249
1249
1250
1251
1252
1252
1252
1252
1252
1253
1253
1258
1261
1263
1263
1264
1267
1268
1269
1269
1270
1270
1271
1275
1276
1277
1279
1280
1282
1282
1284
1284
1284
1285
1289
1289
1290
1290
1291
1293
1294
1295
1296
1297
1299
1300
1301
1302
1302
1303
1304
1305
1305
1306
1308
1310
1311
1311
1311
1311
1312
1312
1313
1315
1316
1317
1317
1318
1318
1320
1320
1320
1323
1326
1328
1328
1329
1332
1333
1337
1339
1340
1340
1342
1342
1342
1346
1347
1347
1348
1349
1351
1353
1354
1355
1356
1356
1356
1356
1356
1357
1358
1358
1358
1359
1359
1360
1362
1366
1366
1367
1368
1368
1368
1368
1369
1370
1371
1375
1375
1375
1376
1376
1378
1378
1379
1380
1380
1382
1382
1383
1383
1384
1384
1384
1385
1385
1386
1387
1387
1390
1393
1394
1397
1399
1399
1399
1400
1400
1401
1402
1403
1404
1404
1405
1405
1406
1406
1407
1409
1409
1410
1410
1410
1410
1411
1411
1412
1413
1414
1415
1415
1416
1417
1417
1417
1420
1420
1421
1421
1423
1423
1426
1426
1426
1427
1427
1429
1429
1430
1430
1430
1430
1432
1432
1434
1434
1435
1435
1437
1440
1440
1445
1447
1447
1447
1447
1447
1448
1448
1449
1450
1454
1455
1455
1456
1458
1459
1463
1464
1465
1465
1465
1465
1465
1467
1469
1469
1470
1471
1472
1473
1473
1477
1478
1478
1480
1480
1481
1482
1483
1484
1484
1487
1488
1488
1489
1489
1490
1490
1491
1491
1491
1494
1496
1496
1497
1500
1500
1501
1501
1502
1502
1504
1504
1505
1505
1505
1506
1506
1507
1507
1509
1510
1510
1512
1514
1517
1517
1517
1519
1519
1520
1522
1523
1523
1523
1524
1525
1526
1527
1528
1528
1530
1530
1532
1533
1536
1536
1537
1537
1538
1538
1540
1540
1542
1543
1543
1545
1546
1546
1547
1548
1549
1549
1549
1550
1550
1555
1556
1559
1559
1559
1560
1560
1561
1562
1562
1563
1564
1564
1565
1565
1566
1566
1567
1568
1570
1571
1572
1573
1573
1575
1576
1577
1577
1578
1578
1579
1580
1580
1582
1584
1585
1586
1586
1587
1587
1588
1592
1593
1593
1595
1597
1599
1599
1601
1601
1602
1603
1604
1606
1606
1607
1607
1607
1608
1609
1610
1612
1613
1614
1616
1617
1620
1620
1621
1622
1623
1623
1625
1625
1626
1626
1627
1627
1627
1629
1630
1631
1632
1632
1635
1636
1636
1637
1639
1640
1642
1646
1647
1647
1648
1648
1650
1651
1653
1653
1654
1654
1655
1655
1657
1658
1659
1660
1660
1661
1663
1666
1667
1669
1670
1670
1671
1672
1672
1673
1674
1674
1675
1675
1675
1675
1677
1677
1677
1678
1679
1680
1680
1682
1682
1684
1686
1686
1687
1688
1689
1689
1691
1693
1694
1694
1695
1695
1696
1696
1697
1698
1701
1702
1703
1703
1704
1705
1705
1707
1707
1708
1708
1709
1709
1710
1711
1711
1711
1715
1716
1717
1718
1719
1720
1720
1721
1722
1722
1722
1722
1723
1724
1724
1725
1728
1728
1729
1730
1732
1735
1735
1735
1735
1736
1737
1737
1737
1738
1739
1741
1742
1743
1743
1744
1744
1745
1745
1748
1751
1751
1751
1753
1754
1755
1755
1756
1758
1758
1761
1761
1761
1763
1763
1763
1764
1767
1769
1769
1770
1773
1774
1776
1777
1779
1780
1780
1781
1782
1784
1785
1786
1787
1789
1790
1792
1793
1794
1795
1796
1796
1797
1798
1798
1798
1799
1800
1800
1802
1803
1803
1803
1804
1805
1807
1807
1809
1810
1812
1812
1814
1816
1817
1820
1820
1821
1821
1822
1826
1827
1828
1831
1832
1834
1835
1835
1836
1836
1837
1837
1838
1839
1840
1840
1841
1841
1842
1842
1842
1844
1845
1846
1850
1851
1851
1853
1853
1853
1854
1854
1854
1855
1856
1856
1857
1858
1858
1858
1859
1859
1861
1864
1865
1867
1867
1868
1868
1868
1869
1870
1873
1873
1874
1875
1877
1877
1878
1880
1881
1882
1882
1884
1885
1885
1885
1886
1888
1888
1888
1888
1889
1889
1889
1890
1890
1891
1892
1893
1894
1896
1897
1897
1897
1897
1898
1901
1905
1906
1906
1909
1911
1911
1913
1913
1913
1914
1914
1915
1915
1917
1917
1922
1922
1922
1922
1926
1926
1927
1928
1929
1931
1932
1933
1934
1937
1938
1939
1939
1940
1940
1942
1944
1945
1946
1946
1946
1947
1947
1948
1949
1950
1950
1951
1951
1951
1952
1954
1955
1955
1957
1957
1957
1960
1960
1962
1962
1963
1963
1963
1963
1963
1964
1965
1966
1966
1966
1972
1974
1975
1976
1976
1978
1979
1979
1980
1981
1981
1982
1984
1984
1984
1985
1985
1987
1987
1988
1988
1990
1990
1990
1992
1995
1995
1995
1996
1997
1998
1999
1999
2000
2000
2002
2004
2004
2004
2004
2005
2006
2009
2009
2012
2013
2013
2013
2014
2021
2024
2028
2032
2032
2034
2035
2035
2035
2040
2040
2041
2043
2044
2045
2047
2047
2048
2048
2048
2050
2051
2051
2052
2053
2056
2057
2057
2057
2058
2058
2060
2060
2061
2061
2062
2064
2066
2067
2067
2069
2069
2070
2071
2072
2072
2073
2075
2075
2076
2076
2077
2078
2078
2079
2079
2080
2081
2082
2084
2084
2084
2084
2085
2086
2087
2089
2089
2091
2091
2093
2094
2094
2095
2096
2097
2097
2098
2098
2099
2099
2100
2101
2101
2101
2103
2103
2104
2105
2106
2106
2112
2116
2116
2117
2119
2119
2120
2122
2122
2122
2122
2123
2123
2123
2123
2124
2125
2125
2128
2129
2130
2131
2131
2133
2134
2135
2139
2140
2140
2140
2144
2145
2146
2147
2148
2149
2150
2150
2150
2152
2153
2154
2154
2154
2155
2157
2158
2159
2159
2160
2161
2162
2162
2164
2166
2167
2170
2171
2172
2175
2176
2177
2177
2177
2178
2180
2182
2182
2184
2187
2187
2187
2190
2190
2190
2191
2191
2193
2196
2197
2198
2199
2200
2200
2200
2201
2202
2203
2204
2205
2205
2207
2207
2208
2209
2210
2211
2218
2219
2219
2221
2221
2223
2225
2228
2228
2230
2231
2231
2233
2235
2236
2237
2239
2240
2240
2240
2242
2243
2247
2248
2250
2250
2251
2252
2254
2256
2256
2257
2259
2259
2260
2261
2263
2263
2265
2266
2267
2268
2268
2270
2270
2270
2271
2271
2271
2272
2273
2274
2275
2275
2276
2277
2278
2279
2280
2282
2282
2282
2283
2283
2284
2284
2285
2286
2287
2289
2289
2289
2290
2290
2291
2293
2294
2296
2298
2300
2300
2300
2301
2301
2302
2303
2304
2307
2308
2308
2308
2309
2309
2310
2311
2312
2312
2312
2312
2313
2314
2321
2322
2323
2323
2324
2324
2324
2326
2327
2329
2329
2329
2330
2332
2335
2336
2338
2341
2342
2343
2344
2345
2346
2346
2346
2349
2349
2350
2350
2350
2351
2351
2352
2352
2353
2356
2357
2359
2359
2360
2364
2367
2370
2374
2374
2375
2377
2377
2377
2378
2379
2379
2382
2382
2383
2383
2383
2386
2390
2391
2391
2391
2391
2393
2394
2396
2396
2396
2396
2397
2397
2397
2397
2398
2398
2398
2401
2403
2403
2404
2405
2411
2414
2414
2419
2421
2422
2422
2423
2424
2425
2425
2425
2428
2430
2430
2433
2434
2436
2437
2437
2437
2440
2440
2441
2441
2442
2442
2443
2444
2448
2449
2451
2452
2453
2454
2454
2455
2455
2456
2456
2457
2457
2462
2464
2464
2465
2465
2465
2466
2466
2468
2469
2470
2471
2471
2472
2472
2473
2473
2474
2475
2476
2476
2476
2477
2478
2479
2479
2479
2480
2481
2481
2483
2483
2484
2484
2485
2487
2488
2489
2489
2489
2489
2490
2491
2491
2493
2499
2500
2500
2502
2503
2505
2505
2506
2507
2509
2509
2510
2513
2513
2516
2517
2519
2519
2519
2523
2523
2523
2526
2526
2529
2530
2532
2532
2533
2534
2534
2534
2537
2538
2539
2540
2540
2540
2541
2542
2543
2543
2544
2544
2545
2546
2550
2550
2553
2554
2554
2555
2555
2556
2558
2561
2563
2564
2566
2566
2566
2567
2569
2570
2570
2570
2572
2574
2575
2577
2578
2580
2582
2582
2582
2582
2584
2584
2584
2584
2587
2588
2588
2590
2593
2593
2594
2594
2595
2596
2597
2597
2597
2598
2598
2601
2603
2604
2606
2607
2608
2610
2610
2611
2612
2614
2614
2616
2617
2618
2618
2618
2620
2621
2623
2624
2625
2625
2625
2625
2625
2626
2630
2631
2634
2634
2635
2636
2637
2637
2639
2641
2641
2642
2642
2643
2647
2648
2649
2649
2649
2650
2651
2652
2652
2653
2654
2654
2655
2656
2660
2661
2661
2662
2662
2662
2663
2665
2665
2667
2671
2672
2672
2672
2673
2674
2675
2675
2677
2677
2677
2678
2680
2681
2681
2681
2682
2683
2686
2686
2686
2687
2688
2689
2689
2689
2689
2690
2690
2691
2691
2693
2694
2694
2697
2698
2698
2700
2700
2701
2702
2702
2702
2702
2704
2705
2705
2706
2709
2710
2711
2711
2712
2715
2716
2718
2718
2719
2720
2722
2723
2724
2724
2725
2725
2727
2729
2729
2730
2731
2732
2733
2734
2735
2736
2736
2738
2738
2740
2740
2741
2741
2743
2744
2745
2748
2749
2749
2750
2751
2753
2753
2755
2757
2757
2758
2759
2760
2760
2761
2761
2762
2765
2766
2766
2768
2769
2771
2772
2772
2774
2774
2774
2777
2778
2778
2778
2778
2779
2779
2779
2780
2780
2781
2781
2782
2783
2784
2788
2788
2792
2793
2793
2794
2795
2796
2796
2797
2801
2801
2801
2802
2804
2806
2807
2807
2808
2809
2809
2812
2815
2816
2819
2820
2820
2820
2823
2824
2824
2825
2826
2827
2829
2830
2832
2832
2833
2834
2835
2835
2835
2838
2839
2839
2839
2840
2840
2841
2841
2844
2844
2845
2846
2847
2848
2850
2852
2855
2855
2858
2859
2859
2859
2862
2862
2863
2863
2864
2864
2865
2866
2868
2868
2869
2869
2869
2870
2874
2874
2876
2876
2877
2877
2879
2881
2881
2882
2883
2884
2885
2886
2886
2886
2889
2890
2890
2891
2891
2892
2892
2893
2894
2895
2897
2898
2899
2899
2899
2901
2902
2904
2904
2906
2907
2908
2910
2912
2912
2913
2914
2914
2923
2924
2924
2925
2928
2930
2931
2931
2932
2932
2933
2933
2938
2938
2939
2940
2940
2944
2945
2948
2950
2950
2955
2956
2956
2957
2959
2960
2960
2961
2962
2963
2964
2964
2964
2965
2965
2965
2966
2966
2967
2968
2969
2970
2974
2974
2975
2975
2975
2976
2977
2978
2979
2979
2980
2981
2982
2984
2985
2985
2986
2988
2991
2992
2993
2994
2994
2995
2995
2995
2995
2996
2997
2997
2997
2997
2998
3000
3000
3000
3002
3002
3003
3005
3007
3008
3008
3008
3009
3013
3013
3013
3014
3015
3015
3016
3016
3018
3019
3020
3020
3022
3022
3023
3024
3025
3026
3026
3029
3029
3030
3030
3030
3031
3031
3031
3032
3032
3035
3035
3035
3036
3036
3037
3039
3039
3040
3040
3040
3041
3041
3045
3045
3045
3046
3046
3047
3051
3052
3052
3053
3054
3054
3055
3056
3057
3057
3057
3058
3058
3058
3059
3060
3060
3061
3067
3069
3070
3071
3071
3074
3074
3075
3077
3079
3080
3080
3081
3082
3083
3083
3083
3083
3084
3086
3088
3088
3090
3090
3091
3091
3092
3092
3094
3095
3095
3096
3096
3097
3098
3098
3099
3099
3101
3104
3105
3107
3109
3109
3110
3111
3113
3113
3115
3116
3116
3117
3118
3119
3119
3122
3122
3123
3124
3124
3125
3125
3125
3126
3126
3126
3127
3128
3128
3128
3130
3131
3131
3131
3132
3133
3134
3135
3137
3139
3139
3140
3140
3142
3142
3143
3144
3145
3147
3147
3147
3148
3148
3150
3150
3151
3151
3152
3156
3156
3158
3163
3163
3164
3164
3164
3166
3167
3169
3169
3169
3173
3173
3176
3176
3176
3177
3179
3179
3182
3182
3183
3183
3183
3187
3187
3189
3190
3190
3191
3191
3192
3196
3196
3197
3197
3198
3199
3201
3202
3203
3205
3206
3207
3208
3208
3209
3209
3209
3209
3210
3210
3215
3216
3216
3216
3217
3218
3219
3220
3221
3222
3223
3225
3227
3227
3227
3227
3230
3230
3231
3232
3234
3235
3237
3237
3237
3238
3238
3238
3240
3241
3241
3243
3247
3247
3247
3247
3249
3251
3251
3252
3252
3252
3253
3254
3255
3255
3256
3258
3260
3260
3261
3261
3261
3262
3262
3264
3266
3267
3270
3270
3270
3272
3273
3274
3275
3277
3278
3278
3279
3279
3280
3280
3281
3283
3283
3284
3286
3287
3287
3288
3289
3290
3290
3291
3293
3294
3295
3298
3299
3300
3301
3301
3306
3306
3306
3307
3307
3309
3309
3310
3310
3311
3312
3313
3313
3314
3317
3317
3319
3320
3320
3320
3322
3323
3323
3323
3323
3325
3325
3327
3327
3327
3329
3330
3332
3337
3337
3337
3339
3339
3340
3341
3343
3344
3345
3346
3346
3347
3348
3348
3349
3349
3351
3352
3353
3353
3353
3354
3354
3356
3356
3357
3360
3360
3361
3361
3362
3364
3364
3365
3367
3367
3367
3370
3370
3371
3372
3372
3372
3373
3375
3375
3379
3379
3379
3380
3382
3385
3385
3385
3386
3386
3390
3392
3392
3393
3393
3394
3394
3394
3397
3398
3398
3399
3401
3401
3403
3403
3404
3404
3406
3407
3407
3410
3410
3410
3411
3415
3415
3415
3415
3415
3415
3416
3417
3418
3418
3419
3419
3420
3421
3421
3422
3423
3423
3424
3426
3427
3428
3428
3429
3429
3430
3432
3432
3433
3434
3434
3435
3437
3441
3442
3443
3447
3448
3449
3450
3450
3452
3454
3454
3454
3457
3458
3458
3460
3460
3460
3462
3462
3463
3464
3465
3466
3466
3466
3466
3467
3469
3470
3470
3471
3472
3473
3473
3475
3475
3476
3476
3479
3480
3483
3484
3484
3484
3484
3485
3485
3486
3488
3489
3492
3494
3494
3494
3497
3497
3499
3502
3502
3503
3503
3504
3504
3505
3505
3506
3506
3507
3507
3508
3510
3511
3511
3512
3512
3512
3513
3514
3515
3516
3519
3520
3522
3523
3524
3525
3526
3526
3526
3531
3532
3532
3533
3534
3535
3536
3536
3540
3541
3542
3543
3544
3544
3545
3545
3546
3547
3547
3547
3549
3554
3554
3555
3555
3555
3556
3556
3557
3557
3557
3559
3560
3560
3560
3561
3562
3562
3563
3565
3565
3566
3567
3567
3568
3569
3569
3571
3571
3573
3574
3574
3575
3577
3578
3578
3579
3581
3583
3585
3586
3586
3590
3591
3592
3593
3593
3595
3598
3598
3600
3601
3603
3603
3604
3605
3606
3606
3607
3607
3607
3607
3609
3609
3610
3611
3612
3614
3618
3619
3621
3621
3622
3622
3623
3623
3623
3624
3625
3627
3627
3627
3628
3629
3629
3629
3630
3632
3632
3633
3633
3633
3634
3635
3635
3640
3640
3640
3641
3641
3642
3642
3644
3644
3645
3647
3647
3648
3649
3649
3653
3654
3654
3654
3654
3655
3657
3657
3661
3661
3661
3662
3662
3662
3663
3663
3664
3665
3666
3666
3667
3667
3668
3668
3668
3669
3669
3669
3670
3670
3670
3673
3674
3676
3680
3680
3681
3682
3682
3683
3685
3685
3685
3686
3686
3686
3686
3686
3687
3690
3690
3691
3692
3695
3699
3699
3699
3701
3701
3701
3702
3704
3707
3708
3709
3709
3709
3711
3711
3712
3713
3716
3717
3718
3718
3720
3720
3722
3723
3725
3726
3726
3727
3727
3727
3727
3727
3727
3728
3730
3730
3731
3732
3734
3736
3739
3742
3747
3748
3750
3750
3751
3751
3754
3755
3756
3756
3757
3757
3758
3758
3759
3759
3761
3762
3763
3763
3764
3765
3766
3766
3767
3769
3769
3773
3774
3776
3776
3777
3778
3778
3779
3781
3781
3781
3781
3783
3783
3783
3783
3786
3787
3789
3790
3792
3792
3793
3794
3794
3795
3796
3796
3796
3797
3797
3799
3801
3801
3804
3806
3806
3806
3809
3811
3813
3814
3814
3815
3816
3817
3817
3820
3820
3822
3822
3822
3824
3824
3825
3825
3825
3825
3826
3827
3827
3827
3827
3828
3830
3831
3832
3835
3835
3835
3836
3836
3837
3838
3841
3843
3845
3846
3847
3847
3848
3848
3849
3849
3850
3852
3852
3854
3855
3856
3856
3857
3858
3859
3859
3861
3861
3862
3863
3868
3868
3868
3868
3870
3870
3871
3871
3872
3873
3874
3876
3876
3877
3877
3880
3882
3884
3886
3888
3891
3891
3896
3896
3897
3898
3901
3902
3902
3903
3905
3905
3906
3906
3907
3908
3909
3910
3911
3911
3914
3914
3915
3916
3918
3918
3918
3919
3920
3920
3922
3923
3923
3924
3924
3926
3926
3927
3929
3929
3930
3931
3931
3934
3937
3938
3940
3944
3947
3947
3947
3948
3948
3950
3951
3951
3952
3953
3953
3957
3958
3959
3960
3961
3961
3961
3964
3966
3966
3966
3967
3968
3968
3969
3970
3971
3971
3975
3978
3980
3980
3981
3982
3983
3984
3985
3985
3987
3988
3988
3989
3991
3992
3993
3993
3994
3995
3996
3997
3998
4002
4005
4007
4008
4010
4010
4010
4010
4011
4013
4013
4019
4019
4019
4020
4021
4021
4022
4023
4023
4024
4025
4026
4026
4027
4027
4028
4029
4029
4033
4033
4035
4036
4037
4038
4043
4043
4043
4047
4051
4051
4052
4053
4054
4056
4056
4057
4059
4059
4060
4060
4060
4063
4064
4065
4066
4068
4069
4071
4072
4072
4073
4075
4076
4076
4078
4078
4078
4078
4078
4080
4083
4086
4086
4086
4086
4088
4088
4089
4089
4090
4090
4094
4094
4095
4097
4098
4098
4100
4101
4102
4102
4104
4104
4104
4105
4106
4107
4108
4109
4110
4110
4110
4111
4111
4114
4115
4115
4116
4119
4120
4121
4121
4122
4123
4123
4123
4124
4124
4125
4125
4127
4127
4127
4127
4127
4132
4132
4132
4133
4133
4135
4135
4135
4137
4138
4139
4139
4140
4141
4144
4144
4145
4146
4149
4149
4149
4150
4150
4151
4151
4151
4153
4158
4159
4159
4162
4162
4163
4164
4164
4164
4164
4165
4166
4167
4168
4169
4169
4169
4170
4172
4172
4172
4172
4172
4172
4173
4173
4175
4175
4179
4179
4180
4180
4181
4181
4182
4182
4182
4183
4184
4185
4185
4186
4186
4187
4187
4188
4188
4191
4192
4192
4192
4192
4193
4194
4194
4195
4195
4196
4197
4197
4198
4200
4202
4202
4204
4205
4205
4206
4206
4207
4207
4208
4209
4209
4210
4211
4211
4212
4212
4213
4213
4214
4214
4215
4216
4216
4217
4218
4218
4218
4218
4220
4221
4221
4224
4224
4227
4227
4228
4229
4229
4230
4230
4233
4234
4237
4237
4238
4239
4239
4241
4241
4242
4243
4243
4243
4243
4244
4249
4249
4252
4257
4257
4257
4258
4259
4261
4261
4262
4262
4266
4266
4266
4267
4267
4267
4268
4270
4272
4272
4272
4273
4274
4274
4274
4274
4275
4277
4277
4278
4280
4282
4283
4283
4284
4285
4285
4289
4290
4292
4293
4293
4294
4295
4299
4300
4300
4303
4304
4305
4307
4308
4308
4308
4309
4309
4311
4312
4312
4314
4314
4314
4314
4315
4316
4318
4322
4323
4323
4323
4323
4323
4323
4324
4325
4325
4326
4327
4329
4329
4330
4330
4330
4331
4331
4332
4335
4335
4338
4338
4339
4341
4341
4342
4344
4344
4346
4347
4349
4349
4350
4350
4353
4353
4354
4354
4358
4359
4362
4362
4362
4363
4364
4368
4369
4371
4373
4373
4374
4374
4375
4375
4376
4377
4381
4383
4384
4387
4387
4388
4391
4394
4394
4395
4397
4398
4399
4399
4399
4400
4402
4402
4404
4404
4405
4406
4412
4412
4413
4414
4414
4414
4417
4417
4417
4417
4418
4420
4420
4423
4423
4424
4424
4426
4426
4427
4428
4429
4430
4430
4431
4433
4435
4436
4437
4438
4439
4440
4441
4441
4441
4442
4442
4443
4445
4445
4445
4446
4447
4449
4452
4452
4452
4453
4453
4454
4456
4457
4457
4458
4458
4459
4459
4459
4460
4462
4462
4463
4464
4464
4466
4471
4472
4473
4474
4475
4476
4476
4477
4477
4477
4480
4480
4481
4481
4481
4481
4483
4485
4486
4489
4491
4492
4492
4492
4495
4496
4497
4497
4499
4500
4502
4503
4504
4505
4507
4510
4511
4511
4513
4514
4515
4515
4515
4516
4517
4519
4519
4521
4521
4525
4526
4528
4529
4531
4532
4532
4535
4535
4535
4536
4536
4539
4539
4540
4542
4546
4547
4547
4548
4548
4548
4549
4549
4549
4549
4550
4551
4551
4551
4552
4554
4556
4556
4556
4558
4558
4559
4559
4561
4561
4562
4562
4564
4566
4567
4568
4570
4570
4570
4571
4572
4572
4573
4574
4574
4575
4578
4578
4580
4580
4580
4582
4584
4586
4586
4587
4588
4591
4591
4595
4597
4598
4598
4600
4601
4601
4602
4603
4604
4604
4604
4605
4605
4605
4606
4607
4607
4610
4613
4614
4615
4615
4615
4615
4616
4616
4617
4618
4620
4621
4622
4625
4626
4627
4629
4631
4632
4632
4632
4635
4637
4637
4638
4639
4640
4644
4645
4645
4646
4647
4647
4649
4649
4650
4651
4653
4655
4655
4655
4656
4658
4658
4660
4661
4665
4666
4666
4667
4667
4668
4668
4668
4669
4669
4670
4671
4671
4673
4674
4675
4676
4677
4678
4680
4681
4684
4686
4687
4688
4691
4692
4692
4693
4694
4694
4694
4695
4696
4697
4699
4701
4701
4703
4705
4705
4706
4706
4706
4706
4708
4710
4710
4712
4712
4716
4717
4717
4718
4720
4724
4724
4725
4725
4726
4729
4731
4731
4732
4732
4733
4733
4734
4734
4735
4736
4741
4743
4744
4747
4747
4747
4748
4748
4749
4749
4749
4750
4750
4750
4752
4752
4754
4755
4755
4756
4757
4758
4758
4759
4760
4761
4762
4762
4762
4763
4764
4765
4765
4765
4766
4766
4767
4767
4770
4771
4771
4772
4773
4777
4777
4778
4778
4779
4782
4783
4783
4784
4784
4786
4786
4787
4792
4793
4794
4795
4795
4796
4796
4797
4797
4798
4799
4804
4804
4807
4807
4807
4808
4812
4815
4815
4817
4818
4820
4821
4822
4825
4826
4828
4828
4830
4830
4832
4833
4833
4833
4834
4835
4835
4836
4839
4843
4844
4846
4846
4846
4847
4847
4849
4850
4851
4851
4852
4854
4856
4856
4860
4861
4861
4864
4865
4865
4868
4868
4869
4869
4870
4871
4873
4874
4874
4875
4875
4877
4878
4879
4879
4879
4880
4880
4881
4882
4884
4885
4886
4889
4890
4891
4892
4894
4895
4896
4898
4898
4898
4899
4899
4902
4902
4903
4908
4908
4909
4910
4911
4913
4913
4913
4913
4914
4914
4915
4915
4916
4917
4919
4920
4920
4922
4922
4923
4923
4923
4924
4924
4924
4926
4926
4927
4927
4928
4928
4929
4929
4931
4934
4934
4935
4935
4935
4935
4936
4936
4936
4936
4937
4942
4942
4942
4942
4945
4948
4950
4950
4952
4954
4955
4955
4957
4957
4960
4961
4961
4962
4964
4964
4966
4966
4967
4968
4969
4971
4971
4972
4973
4975
4976
4977
4978
4979
4979
4980
4984
4986
4989
4989
4991
4991
4992
4993
4993
4997
5001
5002
5005
5007
5007
5010
5010
5012
5014
5015
5015
5015
5016
5016
5017
5017
5019
5020
5021
5021
5021
5022
5023
5024
5025
5025
5026
5026
5028
5028
5029
5029
5029
5030
5032
5033
5033
5033
5035
5036
5037
5039
5040
5041
5042
5043
5045
5046
5048
5048
5049
5050
5050
5050
5051
5053
5054
5055
5055
5055
5057
5057
5059
5059
5059
5059
5061
5067
5068
5070
5070
5070
5070
5071
5071
5071
5071
5072
5073
5073
5073
5074
5074
5075
5075
5077
5078
5081
5082
5082
5082
5082
5083
5084
5084
5088
5088
5089
5091
5091
5093
5094
5095
5096
5096
5097
5100
5100
5101
5101
5101
5102
5103
5103
5104
5104
5105
5105
5108
5109
5109
5112
5112
5115
5116
5121
5123
5124
5125
5126
5126
5127
5128
5129
5130
5130
5131
5131
5134
5136
5136
5137
5138
5139
5140
5140
5141
5141
5141
5142
5143
5145
5145
5146
5146
5147
5149
5149
5151
5153
5154
5154
5154
5155
5157
5157
5157
5158
5158
5159
5159
5159
5161
5163
5164
5164
5168
5168
5168
5169
5171
5171
5171
5171
5173
5175
5176
5177
5178
5178
5179
5179
5181
5182
5183
5184
5193
5193
5194
5199
5201
5203
5204
5204
5204
5205
5206
5207
5209
5209
5209
5209
5211
5211
5212
5214
5215
5216
5217
5217
5220
5220
5222
5224
5225
5225
5227
5229
5230
5231
5231
5232
5232
5232
5233
5236
5236
5236
5237
5240
5240
5241
5241
5242
5243
5244
5244
5245
5245
5246
5246
5248
5249
5249
5254
5254
5254
5254
5255
5257
5257
5257
5258
5259
5259
5260
5264
5264
5265
5265
5266
5266
5267
5267
5268
5270
5271
5272
5272
5274
5274
5275
5275
5276
5277
5277
5278
5278
5279
5280
5280
5283
5284
5285
5287
5287
5288
5289
5289
5290
5292
5293
5294
5295
5295
5296
5297
5299
5300
5300
5301
5302
5302
5302
5302
5303
5303
5304
5305
5306
5307
5308
5312
5312
5313
5316
5318
5319
5319
5319
5319
5320
5320
5320
5320
5322
5322
5323
5323
5323
5324
5324
5326
5327
5330
5332
5333
5333
5333
5334
5334
5335
5335
5336
5337
5337
5337
5340
5343
5343
5346
5347
5348
5351
5353
5354
5354
5354
5355
5357
5358
5358
5358
5358
5359
5359
5360
5360
5362
5364
5364
5367
5367
5367
5368
5369
5369
5374
5376
5376
5378
5379
5379
5379
5380
5382
5383
5384
5386
5386
5387
5387
5387
5389
5390
5391
5392
5393
5394
5394
5397
5397
5398
5399
5399
5399
5399
5399
5400
5401
5402
5402
5403
5403
5404
5405
5405
5408
5409
5410
5413
5416
5417
5417
5420
5420
5421
5423
5423
5423
5423
5423
5423
5424
5424
5426
5428
5428
5430
5432
5434
5436
5436
5437
5439
5441
5441
5444
5444
5446
5448
5448
5451
5454
5455
5459
5460
5462
5463
5463
5465
5465
5468
5469
5472
5472
5472
5472
5473
5473
5473
5474
5476
5476
5478
5478
5479
5480
5480
5481
5481
5481
5482
5482
5483
5486
5487
5488
5490
5490
5491
5492
5492
5493
5493
5495
5495
5496
5497
5500
5500
5500
5501
5502
5504
5507
5508
5508
5511
5512
5514
5515
5515
5515
5515
5515
5516
5516
5517
5519
5520
5520
5520
5521
5521
5522
5523
5525
5525
5526
5529
5530
5530
5530
5531
5531
5532
5533
5538
5538
5540
5540
5541
5542
5542
5543
5545
5545
5547
5547
5548
5551
5551
5551
5552
5554
5554
5554
5555
5557
5557
5560
5560
5561
5561
5562
5562
5564
5565
5566
5570
5570
5572
5572
5573
5575
5575
5576
5576
5576
5577
5578
5584
5585
5585
5586
5586
5587
5588
5588
5590
5592
5593
5593
5594
5597
5598
5600
5602
5602
5603
5607
5607
5607
5607
5608
5608
5609
5612
5612
5613
5615
5616
5616
5617
5617
5618
5620
5621
5622
5622
5624
5627
5627
5628
5628
5629
5631
5632
5634
5636
5638
5638
5639
5639
5643
5643
5646
5652
5653
5653
5653
5655
5657
5657
5658
5659
5659
5659
5661
5661
5661
5661
5662
5664
5666
5667
5673
5674
5674
5676
5676
5676
5677
5678
5678
5678
5679
5679
5679
5679
5680
5680
5681
5683
5684
5685
5686
5686
5686
5689
5689
5690
5691
5691
5692
5692
5692
5692
5694
5694
5695
5696
5696
5696
5697
5698
5700
5701
5702
5703
5704
5704
5705
5706
5706
5709
5709
5709
5714
5715
5716
5718
5718
5718
5719
5719
5720
5720
5720
5721
5721
5721
5723
5723
5723
5723
5723
5727
5729
5730
5732
5734
5735
5736
5739
5740
5743
5745
5745
5745
5745
5746
5746
5746
5747
5747
5748
5748
5748
5749
5750
5750
5752
5755
5755
5756
5756
5757
5757
5757
5757
5758
5760
5760
5760
5761
5762
5766
5767
5767
5768
5769
5770
5771
5771
5771
5772
5775
5775
5775
5777
5777
5777
5778
5778
5778
5779
5780
5782
5782
5782
5782
5783
5785
5786
5789
5790
5790
5791
5791
5792
5792
5793
5793
5793
5793
5796
5796
5797
5799
5800
5800
5801
5802
5802
5803
5803
5805
5808
5808
5810
5810
5813
5814
5814
5817
5818
5820
5820
5821
5821
5822
5824
5824
5826
5826
5828
5829
5831
5831
5832
5833
5833
5834
5834
5834
5837
5838
5839
5840
5841
5841
5842
5845
5845
5847
5847
5848
5848
5849
5849
5850
5850
5851
5851
5852
5852
5853
5854
5855
5855
5858
5859
5860
5861
5861
5862
5864
5864
5864
5866
5866
5867
5870
5871
5872
5872
5872
5873
5873
5873
5873
5873
5876
5876
5881
5883
5883
5884
5886
5886
5887
5888
5892
5892
5893
5893
5893
5897
5898
5899
5900
5901
5901
5901
5902
5903
5903
5905
5906
5906
5908
5911
5911
5912
5914
5915
5915
5916
5917
5922
5923
5924
5924
5924
5927
5927
5928
5929
5929
5930
5931
5931
5932
5933
5934
5936
5938
5938
5941
5942
5943
5944
5944
5944
5945
5945
5945
5945
5946
5946
5946
5947
5948
5949
5950
5951
5955
5956
5957
5958
5958
5959
5959
5961
5961
5961
5962
5963
5963
5964
5965
5965
5966
5966
5967
5967
5968
5969
5972
5972
5976
5979
5979
5980
5980
5981
5983
5984
5984
5985
5986
5986
5987
5987
5988
5988
5989
5989
5989
5990
5991
5993
5994
5996
5997
5998
5998
6000
6001
6002
6002
6002
6004
6007
6007
6007
6008
6010
6011
6011
6012
6012
6013
6013
6014
6015
6015
6016
6017
6018
6019
6019
6019
6020
6020
6020
6021
6024
6030
6031
6032
6033
6036
6037
6038
6039
6041
6041
6042
6042
6042
6043
6044
6045
6046
6047
6049
6049
6050
6052
6053
6054
6055
6055
6056
6057
6058
6059
6059
6059
6060
6061
6063
6063
6063
6065
6066
6067
6068
6069
6070
6071
6071
6072
6072
6073
6074
6074
6078
6079
6081
6085
6086
6086
6089
6089
6090
6090
6092
6092
6093
6095
6096
6097
6097
6099
6100
6101
6101
6103
6104
6106
6106
6106
6106
6107
6109
6109
6110
6111
6113
6113
6115
6116
6117
6117
6117
6118
6118
6119
6119
6120
6120
6121
6122
6123
6124
6125
6127
6127
6127
6127
6128
6129
6129
6129
6130
6130
6131
6131
6134
6135
6135
6137
6138
6138
6139
6142
6143
6143
6144
6147
6147
6147
6148
6148
6149
6149
6149
6151
6151
6152
6153
6155
6155
6157
6158
6158
6159
6159
6159
6164
6165
6168
6170
6174
6175
6177
6177
6178
6179
6180
6180
6180
6180
6180
6181
6182
6182
6183
6185
6185
6186
6187
6190
6190
6191
6192
6193
6193
6193
6194
6195
6195
6195
6196
6198
6199
6199
6200
6202
6202
6202
6202
6203
6203
6203
6204
6206
6206
6206
6207
6207
6208
6208
6209
6210
6211
6211
6212
6212
6213
6214
6215
6216
6217
6219
6222
6223
6223
6224
6224
6224
6225
6225
6226
6227
6228
6228
6231
6232
6233
6234
6237
6237
6238
6239
6239
6242
6243
6244
6246
6247
6248
6249
6250
6251
6252
6253
6254
6255
6255
6255
6256
6256
6257
6257
6259
6259
6259
6260
6263
6267
6267
6268
6269
6270
6273
6274
6274
6274
6276
6276
6277
6278
6278
6278
6278
6280
6281
6282
6285
6287
6288
6288
6288
6289
6290
6292
6293
6295
6297
6297
6298
6300
6300
6301
6302
6303
6304
6305
6305
6305
6308
6309
6311
6312
6312
6313
6314
6314
6314
6316
6317
6319
6320
6320
6321
6322
6325
6326
6327
6328
6328
6328
6329
6331
6331
6333
6334
6334
6335
6336
6336
6337
6338
6338
6340
6340
6340
6341
6342
6342
6343
6343
6344
6344
6346
6347
6347
6348
6349
6350
6350
6351
6352
6353
6354
6355
6355
6356
6356
6357
6357
6360
6361
6362
6365
6366
6366
6367
6367
6368
6372
6373
6374
6374
6375
6375
6377
6381
6381
6382
6383
6384
6387
6388
6388
6388
6389
6391
6394
6396
6397
6397
6398
6398
6399
6399
6399
6400
6400
6401
6402
6402
6403
6406
6406
6408
6409
6409
6410
6411
6411
6412
6412
6413
6413
6413
6418
6419
6420
6421
6422
6422
6424
6425
6425
6425
6428
6428
6429
6429
6430
6430
6431
6432
6436
6438
6439
6441
6443
6444
6444
6445
6446
6446
6448
6449
6450
6450
6450
6452
6453
6455
6456
6458
6461
6462
6462
6463
6465
6466
6466
6469
6469
6470
6470
6471
6471
6471
6471
6472
6473
6473
6474
6474
6475
6475
6476
6478
6480
6481
6485
6486
6488
6488
6489
6490
6491
6495
6497
6498
6502
6502
6502
6506
6506
6507
6510
6510
6511
6512
6513
6513
6514
6514
6515
6516
6517
6519
6519
6521
6521
6521
6522
6523
6524
6525
6527
6528
6528
6529
6530
6531
6532
6534
6534
6534
6535
6535
6536
6538
6541
6542
6542
6542
6542
6542
6543
6547
6547
6548
6549
6550
6551
6552
6553
6553
6554
6556
6556
6556
6557
6557
6560
6560
6561
6562
6563
6563
6563
6566
6567
6567
6569
6571
6573
6576
6577
6578
6578
6578
6579
6579
6581
6581
6582
6585
6586
6586
6586
6587
6588
6590
6590
6591
6592
6592
6593
6595
6595
6596
6596
6598
6598
6598
6598
6599
6599
6601
6601
6601
6603
6604
6604
6604
6605
6605
6605
6607
6608
6608
6608
6610
6611
6612
6614
6615
6615
6615
6615
6616
6616
6616
6617
6618
6619
6622
6623
6625
6627
6628
6629
6629
6629
6630
6631
6631
6631
6632
6632
6632
6632
6637
6637
6640
6641
6642
6643
6643
6644
6645
6646
6647
6647
6648
6648
6649
6650
6650
6652
6652
6653
6654
6656
6657
6658
6658
6661
6663
6665
6668
6669
6671
6671
6672
6673
6674
6676
6680
6680
6680
6680
6681
6682
6683
6685
6691
6691
6695
6695
6696
6696
6696
6697
6698
6698
6699
6701
6704
6708
6708
6709
6710
6710
6711
6711
6712
6712
6714
6714
6714
6715
6715
6717
6717
6721
6723
6723
6724
6724
6726
6726
6727
6727
6728
6728
6728
6728
6728
6730
6730
6732
6734
6736
6738
6739
6739
6740
6741
6742
6742
6742
6744
6748
6749
6750
6751
6753
6754
6757
6758
6758
6760
6762
6763
6765
6766
6766
6768
6768
6769
6769
6769
6770
6771
6772
6772
6773
6775
6775
6776
6777
6778
6778
6778
6779
6780
6781
6781
6781
6781
6782
6782
6783
6784
6785
6786
6787
6788
6788
6789
6790
6791
6791
6794
6795
6797
6797
6798
6799
6802
6803
6806
6806
6806
6810
6810
6811
6811
6812
6814
6815
6818
6819
6819
6820
6822
6825
6825
6826
6827
6827
6828
6828
6829
6831
6831
6831
6833
6833
6835
6837
6838
6839
6840
6840
6842
6845
6847
6847
6850
6850
6851
6851
6852
6853
6853
6857
6859
6860
6860
6861
6861
6862
6863
6864
6864
6865
6866
6866
6867
6868
6869
6870
6870
6872
6872
6874
6874
6874
6875
6878
6879
6881
6884
6884
6885
6886
6887
6887
6889
6889
6891
6892
6893
6893
6894
6895
6896
6896
6899
6899
6899
6900
6901
6902
6902
6905
6907
6908
6909
6909
6911
6913
6913
6915
6915
6916
6917
6919
6921
6922
6923
6924
6926
6926
6929
6929
6931
6932
6937
6938
6940
6940
6941
6942
6945
6946
6951
6953
6954
6959
6959
6959
6960
6962
6963
6965
6965
6965
6968
6969
6970
6970
6971
6972
6972
6972
6973
6974
6974
6974
6975
6975
6975
6977
6979
6980
6981
6981
6982
6982
6984
6985
6987
6987
6987
6987
6988
6990
6993
6994
6995
6995
6996
6997
6998
6999
7000
7001
7002
7002
7003
7003
7004
7005
7006
7007
7008
7009
7010
7010
7011
7015
7019
7019
7020
7022
7024
7025
7026
7026
7026
7027
7027
7027
7028
7028
7028
7028
7028
7029
7029
7031
7031
7034
7035
7037
7038
7041
7042
7043
7045
7045
7046
7047
7049
7052
7053
7053
7056
7056
7056
7057
7058
7058
7058
7059
7059
7060
7060
7061
7061
7064
7065
7065
7065
7066
7066
7067
7068
7068
7070
7071
7072
7074
7075
7075
7076
7076
7076
7077
7079
7080
7081
7082
7082
7084
7085
7086
7089
7090
7091
7093
7095
7096
7096
7097
7097
7100
7101
7103
7104
7105
7105
7110
7111
7112
7112
7112
7113
7114
7115
7120
7120
7123
7124
7125
7127
7127
7129
7129
7131
7131
7132
7132
7133
7133
7135
7136
7137
7140
7140
7141
7142
7143
7143
7144
7146
7146
7147
7148
7149
7149
7151
7152
7152
7153
7153
7155
7157
7157
7158
7158
7158
7158
7160
7160
7160
7161
7163
7164
7167
7167
7169
7170
7170
7172
7172
7174
7174
7174
7174
7175
7176
7178
7180
7180
7181
7181
7182
7183
7185
7185
7186
7186
7187
7188
7191
7193
7193
7193
7194
7194
7195
7197
7200
7202
7203
7203
7203
7205
7207
7211
7215
7216
7216
7217
7220
7220
7220
7223
7223
7224
7226
7226
7228
7229
7230
7231
7233
7234
7234
7235
7235
7241
7241
7242
7242
7242
7244
7244
7247
7247
7248
7252
7252
7252
7252
7253
7255
7256
7256
7256
7261
7261
7262
7264
7264
7266
7267
7267
7267
7268
7272
7272
7272
7274
7275
7275
7275
7277
7284
7286
7286
7286
7287
7288
7289
7289
7289
7289
7291
7291
7291
7292
7292
7292
7293
7293
7295
7295
7299
7300
7301
7302
7305
7305
7308
7309
7309
7310
7310
7310
7311
7312
7312
7314
7318
7318
7319
7321
7321
7323
7323
7325
7327
7328
7328
7330
7331
7331
7332
7332
7334
7335
7335
7338
7340
7345
7346
7346
7348
7349
7351
7352
7352
7354
7355
7356
7356
7357
7359
7360
7361
7364
7366
7366
7367
7368
7368
7368
7370
7375
7376
7377
7379
7380
7380
7382
7382
7385
7386
7391
7391
7392
7394
7394
7395
7396
7398
7399
7400
7400
7401
7402
7404
7404
7409
7409
7410
7412
7416
7416
7417
7417
7417
7418
7418
7420
7420
7421
7422
7422
7423
7424
7425
7426
7427
7428
7429
7431
7431
7432
7433
7435
7435
7437
7439
7440
7444
7445
7445
7445
7445
7447
7447
7448
7448
7448
7449
7449
7450
7456
7456
7456
7458
7459
7460
7461
7463
7464
7464
7465
7467
7469
7469
7473
7473
7474
7475
7476
7476
7478
7479
7479
7481
7482
7482
7482
7483
7483
7484
7484
7484
7486
7486
7489
7489
7491
7492
7493
7494
7497
7498
7506
7511
7512
7512
7513
7513
7516
7518
7519
7519
7519
7520
7521
7522
7524
7524
7524
7524
7524
7525
7527
7527
7527
7528
7528
7529
7531
7532
7533
7536
7536
7539
7539
7540
7540
7540
7540
7543
7543
7543
7544
7544
7545
7545
7547
7550
7550
7551
7554
7554
7555
7555
7556
7556
7557
7560
7563
7565
7567
7567
7569
7570
7570
7572
7573
7574
7574
7578
7579
7582
7582
7584
7586
7586
7588
7588
7589
7589
7590
7592
7593
7594
7594
7594
7594
7596
7597
7597
7598
7598
7598
7599
7602
7602
7603
7603
7604
7605
7605
7609
7610
7610
7611
7611
7612
7613
7614
7616
7616
7616
7616
7616
7616
7617
7619
7620
7621
7625
7626
7629
7629
7630
7630
7631
7632
7633
7634
7637
7639
7639
7642
7642
7642
7643
7647
7648
7649
7651
7653
7654
7655
7657
7657
7658
7659
7660
7660
7663
7664
7666
7666
7667
7668
7668
7669
7669
7670
7675
7676
7680
7681
7681
7681
7682
7685
7687
7690
7691
7691
7693
7693
7694
7695
7695
7696
7697
7699
7699
7700
7700
7700
7703
7705
7706
7706
7708
7709
7711
7712
7713
7713
7715
7715
7716
7718
7718
7719
7720
7723
7725
7727
7727
7728
7729
7730
7731
7732
7735
7736
7736
7736
7738
7739
7740
7741
7744
7746
7747
7748
7748
7750
7751
7751
7751
7753
7755
7756
7759
7759
7760
7761
7761
7761
7762
7763
7763
7763
7765
7766
7767
7767
7768
7770
7773
7773
7774
7774
7779
7784
7785
7786
7788
7791
7792
7796
7796
7796
7797
7799
7800
7800
7800
7800
7801
7801
7801
7801
7802
7802
7805
7806
7806
7808
7809
7809
7812
7812
7814
7815
7815
7816
7817
7817
7819
7820
7821
7821
7822
7822
7823
7823
7823
7824
7826
7826
7827
7827
7828
7829
7829
7830
7830
7831
7831
7835
7835
7835
7836
7836
7837
7837
7838
7839
7840
7840
7841
7842
7842
7842
7845
7846
7847
7849
7849
7851
7851
7852
7853
7854
7856
7860
7864
7866
7866
7867
7867
7867
7868
7868
7868
7871
7871
7872
7872
7874
7876
7877
7878
7879
7880
7881
7883
7883
7883
7884
7884
7885
7888
7889
7892
7892
7894
7894
7896
7896
7897
7901
7902
7902
7902
7904
7906
7906
7906
7907
7907
7910
7911
7911
7912
7913
7913
7913
7914
7916
7917
7919
7920
7920
7922
7922
7922
7922
7923
7923
7924
7924
7924
7925
7927
7927
7931
7932
7934
7934
7935
7936
7936
7938
7938
7939
7939
7941
7942
7942
7942
7943
7944
7944
7944
7945
7946
7946
7947
7947
7947
7949
7950
7950
7950
7952
7953
7956
7958
7958
7960
7960
7960
7960
7965
7966
7968
7968
7968
7968
7968
7969
7971
7971
7971
7972
7972
7973
7973
7973
7974
7975
7979
7979
7980
7982
7982
7982
7983
7984
7985
7985
7985
7986
7988
7988
7989
7990
7990
7992
7993
7994
7996
7996
7996
7997
7997
7997
7998
8000
8000
8000
8000
8001
8002
8002
8003
8005
8005
8007
8007
8008
8008
8009
8009
8009
8009
8012
8012
8013
8014
8016
8016
8016
8017
8018
8018
8018
8020
8020
8020
8022
8023
8023
8024
8024
8025
8026
8026
8027
8028
8029
8030
8030
8034
8034
8041
8042
8042
8043
8044
8044
8045
8045
8045
8047
8048
8048
8048
8050
8052
8052
8054
8056
8057
8058
8059
8059
8060
8061
8062
8063
8063
8064
8064
8066
8067
8068
8068
8069
8070
8070
8076
8076
8077
8077
8077
8077
8078
8080
8081
8082
8083
8084
8085
8085
8087
8087
8088
8088
8089
8091
8092
8092
8094
8095
8096
8096
8098
8099
8102
8103
8103
8103
8103
8103
8105
8105
8105
8105
8108
8109
8109
8110
8110
8111
8111
8111
8112
8113
8113
8114
8115
8115
8116
8117
8117
8117
8119
8120
8120
8120
8122
8123
8123
8127
8128
8131
8132
8132
8132
8132
8133
8133
8134
8134
8136
8139
8140
8141
8143
8143
8143
8144
8144
8145
8146
8147
8148
8148
8149
8150
8150
8151
8151
8152
8153
8153
8154
8154
8154
8154
8155
8156
8157
8157
8157
8160
8165
8167
8168
8169
8171
8171
8171
8171
8172
8172
8174
8175
8175
8176
8179
8180
8180
8180
8183
8186
8186
8187
8188
8190
8190
8190
8191
8191
8192
8194
8194
8194
8195
8195
8197
8197
8198
8198
8198
8199
8200
8201
8201
8207
8209
8209
8209
8212
8212
8214
8218
8223
8224
8226
8227
8227
8229
8229
8230
8231
8233
8233
8235
8235
8239
8239
8240
8241
8241
8243
8244
8245
8245
8249
8251
8251
8251
8252
8252
8253
8254
8255
8256
8256
8258
8259
8259
8260
8261
8262
8263
8266
8267
8267
8267
8268
8268
8271
8272
8273
8274
8275
8276
8276
8276
8281
8282
8282
8283
8283
8284
8285
8285
8285
8293
8296
8296
8296
8297
8297
8298
8298
8298
8298
8299
8300
8300
8301
8303
8303
8306
8307
8307
8313
8313
8314
8315
8317
8318
8320
8320
8323
8323
8327
8328
8330
8331
8332
8334
8335
8335
8335
8338
8338
8341
8341
8343
8344
8346
8347
8348
8349
8353
8353
8354
8356
8357
8357
8359
8359
8360
8361
8363
8364
8365
8365
8365
8370
8370
8371
8371
8371
8373
8373
8374
8374
8375
8377
8380
8381
8381
8381
8381
8382
8383
8383
8383
8385
8386
8386
8386
8386
8388
8390
8392
8392
8393
8395
8396
8396
8396
8399
8399
8400
8400
8401
8401
8402
8402
8402
8403
8403
8405
8407
8408
8409
8409
8410
8410
8411
8412
8412
8413
8413
8415
8416
8419
8419
8421
8421
8424
8425
8426
8427
8427
8427
8428
8429
8429
8430
8433
8433
8433
8435
8435
8440
8440
8442
8445
8445
8446
8446
8446
8449
8450
8451
8454
8455
8457
8458
8459
8461
8463
8463
8467
8470
8470
8474
8475
8476
8480
8481
8482
8488
8490
8490
8491
8491
8491
8493
8495
8496
8496
8497
8497
8498
8498
8500
8500
8500
8502
8502
8503
8503
8503
8504
8504
8507
8507
8508
8508
8508
8511
8513
8513
8514
8516
8518
8521
8521
8523
8525
8527
8529
8530
8531
8533
8534
8536
8536
8538
8538
8538
8539
8540
8541
8541
8543
8544
8544
8545
8545
8546
8547
8548
8549
8550
8552
8552
8553
8554
8555
8555
8558
8560
8560
8560
8561
8561
8562
8562
8563
8563
8563
8563
8563
8564
8569
8570
8570
8570
8572
8573
8574
8576
8577
8579
8581
8581
8582
8582
8583
8583
8583
8584
8585
8585
8585
8586
8586
8587
8587
8588
8588
8589
8591
8595
8595
8596
8597
8597
8597
8597
8598
8599
8600
8602
8606
8607
8607
8608
8608
8609
8609
8611
8611
8614
8620
8620
8623
8624
8624
8625
8625
8625
8626
8626
8626
8626
8628
8629
8629
8630
8630
8631
8632
8632
8633
8634
8634
8634
8636
8636
8637
8637
8640
8641
8641
8645
8645
8646
8646
8646
8649
8650
8651
8652
8653
8654
8654
8657
8658
8659
8659
8660
8661
8661
8661
8662
8663
8663
8665
8666
8667
8667
8668
8668
8669
8669
8670
8670
8671
8672
8673
8673
8674
8675
8676
8677
8677
8678
8679
8680
8681
8682
8682
8682
8682
8682
8685
8686
8687
8687
8687
8687
8688
8690
8690
8692
8694
8695
8698
8698
8699
8700
8700
8703
8703
8704
8705
8708
8709
8710
8711
8713
8714
8715
8715
8716
8718
8719
8720
8720
8720
8721
8722
8722
8724
8725
8726
8726
8727
8727
8730
8734
8735
8736
8736
8737
8740
8742
8742
8744
8744
8747
8748
8749
8750
8752
8755
8756
8757
8757
8758
8759
8760
8761
8761
8762
8762
8763
8763
8763
8765
8767
8768
8769
8770
8770
8771
8772
8773
8774
8777
8777
8778
8778
8779
8779
8781
8781
8782
8782
8782
8783
8783
8784
8785
8786
8788
8789
8790
8791
8794
8794
8795
8796
8796
8797
8797
8797
8800
8800
8805
8805
8805
8805
8807
8811
8811
8812
8814
8814
8814
8815
8815
8815
8817
8817
8822
8823
8824
8825
8825
8825
8826
8826
8827
8827
8830
8831
8833
8835
8837
8839
8840
8840
8841
8841
8843
8844
8845
8846
8846
8847
8848
8850
8850
8851
8852
8859
8860
8860
8861
8863
8863
8864
8868
8869
8870
8871
8876
8876
8876
8878
8880
8882
8884
8884
8885
8885
8885
8887
8888
8888
8889
8890
8892
8893
8894
8896
8896
8898
8898
8899
8899
8902
8902
8904
8906
8907
8908
8909
8911
8912
8913
8913
8913
8914
8914
8915
8916
8916
8917
8918
8920
8923
8923
8925
8927
8927
8927
8927
8928
8930
8931
8934
8937
8937
8938
8939
8943
8943
8944
8945
8946
8947
8948
8951
8952
8952
8953
8954
8956
8956
8957
8958
8958
8958
8958
8961
8962
8963
8963
8965
8967
8967
8969
8970
8971
8971
8971
8971
8973
8973
8973
8974
8974
8974
8975
8976
8976
8976
8977
8977
8978
8978
8981
8983
8986
8988
8988
8990
8990
8991
8993
8994
8996
8997
8998
8998
8999
9000
9001
9001
9001
9002
9003
9003
9003
9003
9005
9005
9006
9007
9008
9009
9010
9010
9012
9013
9013
9016
9018
9020
9021
9022
9025
9025
9025
9026
9026
9029
9030
9033
9033
9033
9034
9034
9035
9036
9038
9038
9039
9039
9040
9040
9042
9042
9042
9043
9043
9044
9045
9045
9046
9048
9048
9050
9051
9051
9052
9052
9052
9053
9055
9056
9057
9059
9059
9061
9062
9064
9065
9065
9065
9065
9066
9067
9070
9073
9074
9075
9077
9078
9079
9079
9080
9082
9083
9084
9085
9085
9086
9087
9087
9089
9089
9090
9091
9091
9092
9092
9094
9095
9097
9098
9101
9101
9101
9104
9104
9105
9106
9106
9107
9108
9108
9109
9113
9113
9114
9115
9115
9115
9117
9118
9118
9121
9124
9126
9126
9129
9129
9129
9129
9130
9131
9131
9132
9132
9133
9134
9135
9135
9136
9136
9137
9138
9138
9141
9141
9142
9145
9146
9146
9148
9150
9150
9152
9153
9154
9155
9156
9156
9160
9161
9163
9163
9164
9164
9164
9165
9168
9172
9172
9172
9172
9173
9175
9175
9176
9176
9177
9178
9179
9182
9184
9184
9185
9186
9187
9188
9188
9189
9189
9190
9192
9193
9194
9194
9195
9199
9199
9200
9200
9200
9203
9203
9204
9205
9205
9206
9208
9212
9212
9212
9212
9213
9217
9218
9219
9220
9221
9221
9222
9222
9223
9223
9223
9224
9226
9226
9229
9229
9231
9232
9232
9233
9234
9236
9236
9239
9240
9240
9241
9241
9242
9243
9244
9245
9246
9247
9248
9250
9250
9253
9253
9254
9254
9260
9260
9265
9265
9266
9270
9271
9272
9272
9273
9274
9275
9275
9276
9276
9277
9278
9279
9283
9284
9284
9285
9287
9288
9288
9288
9288
9288
9290
9291
9292
9293
9294
9294
9295
9297
9297
9300
9303
9304
9305
9305
9307
9307
9309
9309
9309
9312
9313
9314
9314
9315
9316
9319
9319
9319
9321
9323
9325
9326
9327
9328
9330
9331
9332
9335
9338
9339
9340
9340
9340
9342
9343
9344
9345
9345
9345
9346
9347
9351
9351
9353
9353
9354
9355
9361
9361
9363
9364
9367
9368
9373
9373
9373
9374
9374
9376
9376
9376
9377
9377
9377
9377
9378
9378
9379
9380
9381
9381
9382
9383
9384
9388
9391
9393
9397
9398
9398
9399
9400
9403
9404
9404
9405
9406
9408
9410
9410
9410
9410
9411
9411
9412
9412
9414
9416
9416
9417
9418
9418
9419
9421
9424
9426
9427
9428
9428
9429
9429
9431
9432
9436
9437
9437
9437
9438
9438
9439
9439
9440
9440
9440
9441
9441
9441
9443
9443
9443
9447
9450
9451
9454
9455
9458
9460
9460
9461
9462
9462
9462
9463
9463
9465
9465
9465
9466
9467
9469
9473
9473
9474
9474
9474
9474
9478
9478
9479
9479
9479
9480
9480
9480
9481
9481
9482
9483
9483
9483
9483
9483
9486
9486
9487
9487
9488
9489
9489
9489
9493
9494
9494
9494
9495
9495
9497
9497
9497
9500
9502
9504
9504
9504
9505
9507
9508
9509
9509
9509
9510
9513
9513
9513
9517
9519
9520
9520
9520
9521
9522
9524
9527
9527
9528
9529
9531
9531
9533
9533
9535
9535
9536
9539
9540
9543
9544
9544
9544
9545
9545
9546
9548
9549
9549
9550
9550
9553
9555
9556
9557
9557
9558
9559
9560
9560
9561
9562
9562
9563
9564
9565
9568
9569
9570
9570
9571
9572
9572
9574
9575
9575
9576
9576
9579
9579
9581
9581
9582
9582
9583
9583
9584
9585
9587
9588
9589
9589
9593
9594
9594
9595
9597
9597
9598
9599
9599
9601
9601
9601
9602
9603
9607
9608
9608
9608
9608
9610
9610
9611
9612
9613
9619
9619
9620
9620
9620
9620
9621
9621
9622
9622
9623
9624
9624
9626
9627
9627
9628
9629
9631
9631
9632
9633
9633
9634
9634
9637
9637
9638
9638
9640
9641
9641
9644
9646
9647
9648
9651
9653
9657
9658
9659
9659
9659
9660
9660
9661
9661
9662
9662
9662
9664
9665
9665
9666
9666
9666
9666
9667
9667
9668
9669
9670
9671
9671
9672
9672
9673
9673
9673
9674
9674
9676
9676
9678
9679
9680
9681
9681
9682
9683
9684
9685
9686
9686
9688
9689
9690
9690
9690
9691
9691
9691
9693
9694
9694
9695
9696
9696
9697
9698
9703
9703
9705
9709
9710
9711
9711
9713
9714
9715
9717
9718
9718
9719
9719
9719
9719
9722
9723
9726
9727
9727
9729
9731
9733
9733
9733
9733
9736
9736
9736
9737
9737
9738
9739
9741
9742
9743
9744
9746
9746
9750
9751
9753
9754
9757
9759
9759
9760
9760
9760
9760
9760
9761
9762
9763
9763
9764
9765
9766
9766
9766
9766
9768
9769
9770
9770
9771
9774
9775
9775
9776
9776
9777
9779
9781
9781
9785
9785
9786
9786
9787
9790
9790
9791
9791
9791
9795
9796
9797
9799
9800
9800
9800
9803
9803
9803
9804
9804
9805
9805
9807
9808
9808
9809
9809
9810
9812
9813
9813
9813
9813
9814
9814
9814
9815
9816
9816
9817
9818
9818
9819
9823
9826
9827
9827
9829
9829
9830
9831
9831
9834
9834
9835
9836
9838
9839
9842
9842
9843
9844
9845
9847
9847
9851
9851
9851
9852
9853
9854
9854
9856
9857
9858
9858
9862
9863
9863
9864
9864
9864
9864
9866
9867
9867
9867
9868
9868
9870
9870
9871
9871
9872
9873
9874
9876
9876
9879
9879
9879
9880
9880
9880
9881
9881
9884
9885
9886
9887
9887
9888
9889
9889
9890
9891
9891
9894
9895
9896
9897
9898
9899
9900
9900
9902
9902
9904
9904
9906
9907
9907
9908
9911
9911
9913
9914
9914
9915
9918
9920
9920
9921
9922
9922
9923
9924
9924
9925
9926
9926
9927
9929
9930
9931
9931
9931
9935
9936
9938
9939
9939
9940
9940
9940
9942
9942
9943
9944
9945
9946
9947
9948
9949
9949
9950
9950
9951
9952
9953
9954
9956
9956
9956
9956
9957
9957
9959
9961
9962
9964
9965
9967
9968
9969
9970
9971
9971
9972
9972
9972
9974
9974
9975
9975
9976
9977
9977
9978
9979
9980
9980
9981
9982
9983
9985
9985
9985
9985
9987
9987
9987
9988
9989
9991
9991
9994
9995
9995
9996
9996
9997
10000
