30
45
60
63
67
69
71
113
116
138
144
166
169
182
192
193
211
212
213
231
239
246
255
260
261
305
309
317
322
328
329
352
361
365
382
382
402
404
405
457
466
480
492
503
519
520
535
550
555
564
571
577
582
590
599
629
636
638
646
648
651
655
657
659
687
705
705
710
713
716
721
733
735
735
739
745
758
768
779
793
797
797
826
834
851
866
872
880
885
901
901
921
922
942
999
1004
1007
1010
1014
1016
1018
1022
1036
1044
1048
1051
1062
1080
1087
1094
1112
1122
1123
1125
1169
1171
1183
1188
1196
1208
1219
1219
1233
1238
1240
1250
1273
1309
1320
1326
1332
1362
1366
1375
1383
1397
1406
1429
1443
1450
1450
1458
1474
1482
1496
1498
1500
1504
1507
1511
1540
1544
1547
1547
1550
1555
1566
1574
1584
1596
1598
1599
1610
1617
1622
1633
1636
1638
1639
1648
1663
1669
1702
1705
1708
1713
1714
1720
1736
1756
1761
1789
1791
1799
1811
1821
1823
1855
1857
1877
1878
1884
1887
1888
1889
1890
1893
1913
1925
1952
1957
1958
1960
1977
1984
2017
2017
2018
2019
2021
2025
2026
2031
2042
2043
2074
2086
2089
2091
2116
2143
2143
2147
2151
2152
2169
2199
2211
2212
2224
2254
2254
2264
2267
2302
2303
2317
2324
2329
2330
2332
2333
2335
2343
2347
2356
2360
2366
2372
2377
2413
2419
2419
2421
2422
2426
2432
2435
2487
2504
2535
2540
2561
2564
2566
2566
2595
2656
2684
2693
2697
2703
2711
2729
2739
2757
2771
2788
2790
2793
2807
2820
2823
2832
2832
2862
2886
2893
2894
2897
2900
2910
2919
2937
2950
2964
2975
2984
2995
3001
3014
3051
3086
3099
3128
3136
3136
3140
3140
3144
3149
3176
3184
3193
3201
3203
3219
3233
3245
3250
3254
3257
3261
3269
3281
3283
3284
3287
3287
3295
3301
3308
3318
3319
3325
3327
3338
3340
3364
3366
3374
3386
3390
3396
3399
3402
3404
3417
3425
3427
3482
3488
3524
3527
3531
3548
3565
3574
3597
3602
3621
3621
3622
3625
3630
3649
3658
3666
3670
3684
3687
3739
3750
3760
3770
3779
3795
3818
3835
3840
3850
3878
3884
3895
3913
3916
3923
3936
3945
3961
3962
3967
3980
3987
3995
4004
4028
4030
4040
4045
4045
4049
4053
4056
4073
4075
4075
4131
4137
4139
4147
4171
4182
4183
4210
4221
4245
4255
4265
4275
4294
4298
4305
4316
4331
4332
4340
4343
4354
4370
4371
4396
4397
4408
4410
4422
4429
4436
4437
4447
4448
4482
4491
4495
4508
4515
4527
4540
4573
4576
4576
4606
4610
4611
4621
4625
4627
4629
4639
4653
4664
4682
4697
4705
4710
4726
4743
4758
4766
4778
4780
4811
4814
4857
4862
4882
4888
4904
4919
4933
4937
4942
4946
4951
4955
4984
4989
4997
5009
5010
5012
5020
5047
5056
5065
5067
5073
5080
5088
5138
5146
5146
5154
5176
5185
5189
5199
5221
5224
5257
5257
5258
5263
5270
5279
5282
5284
5290
5310
5312
5314
5325
5329
5337
5341
5344
5344
5352
5368
5373
5395
5399
5423
5430
5432
5438
5450
5454
5455
5458
5459
5461
5480
5492
5513
5514
5527
5538
5566
5573
5575
5581
5586
5592
5598
5607
5620
5629
5688
5694
5696
5697
5699
5726
5734
5736
5737
5750
5751
5767
5786
5797
5806
5813
5821
5849
5889
5902
5909
5916
5945
5956
5961
5975
5982
5986
6009
6023
6024
6029
6030
6034
6040
6043
6054
6082
6100
6113
6116
6128
6138
6144
6157
6170
6172
6181
6184
6220
6222
6227
6232
6232
6239
6262
6264
6265
6285
6291
6296
6302
6304
6305
6313
6316
6321
6364
6387
6402
6415
6421
6428
6429
6445
6445
6449
6450
6464
6504
6509
6512
6513
6523
6533
6535
6561
6565
6580
6587
6594
6598
6603
6605
6623
6626
6632
6641
6654
6667
6672
6687
6692
6692
6697
6712
6720
6724
6729
6738
6743
6749
6778
6787
6798
6806
6812
6817
6818
6831
6837
6839
6864
6871
6878
6887
6897
6902
6914
6923
6924
6934
6936
6941
6952
6953
6961
6963
6963
6980
6992
6994
6997
7003
7030
7043
7050
7051
7096
7119
7138
7141
7144
7161
7166
7167
7178
7180
7188
7190
7195
7197
7218
7231
7237
7239
7240
7248
7255
7263
7275
7283
7286
7306
7310
7311
7314
7319
7327
7327
7330
7378
7379
7383
7394
7408
7411
7422
7422
7436
7473
7488
7495
7499
7509
7519
7521
7526
7552
7570
7571
7592
7608
7642
7642
7647
7651
7653
7663
7667
7696
7696
7696
7698
7727
7727
7730
7746
7753
7757
7761
7761
7774
7779
7782
7804
7825
7844
7849
7853
7859
7870
7876
7886
7886
7887
7889
7890
7902
7904
7910
7932
7939
7959
7996
8012
8014
8025
8026
8043
8046
8056
8059
8062
8072
8095
8106
8106
8121
8124
8129
8132
8137
8152
8166
8174
8199
8213
8213
8234
8237
8241
8258
8263
8294
8296
8316
8335
8343
8345
8361
8389
8407
8407
8451
8464
8467
8485
8502
8508
8534
8534
8541
8541
8542
8542
8544
8552
8556
8557
8559
8564
8573
8581
8590
8595
8605
8608
8632
8652
8656
8666
8669
8671
8682
8694
8703
8706
8707
8712
8750
8751
8757
8764
8766
8780
8783
8784
8805
8837
8840
8859
8860
8871
8877
8879
8889
8892
8914
8916
8917
8921
8926
8927
8928
8958
8959
8963
8981
8989
9011
9035
9048
9058
9076
9081
9092
9093
9097
9127
9135
9137
9160
9179
9192
9194
9201
9217
9228
9241
9258
9258
9266
9268
9284
9313
9328
9337
9341
9355
9374
9386
9390
9453
9461
9495
9501
9518
9521
9526
9544
9569
9579
9585
9599
9604
9620
9648
9662
9667
9670
9683
9683
9687
9696
9704
9708
9713
9727
9727
9728
9730
9733
9745
9746
9762
9780
9781
9781
9792
9803
9821
9832
9833
9835
9846
9849
9849
9853
9868
9880
9884
9885
9885
9892
9896
9905
9911
9945
9953
9961
9972
